#these are dummy values from my computer webcam for rn 
overhead_cam:
  image_width: 640
  image_height: 480
  camera_name: narrow_stereo
  camera_matrix:
    rows: 3
    cols: 3
    data: [1215.043530, 0.000000, 287.201315, 0.000000, 1209.956337, 281.544459, 0.000000, 0.000000, 1.000000]
  distortion_model: plumb_bob
  distortion_coefficients:
    rows: 1
    cols: 5
    data: [0.081878, 0.277147, -0.001368, 0.028374, 0.000000]
  rectification_matrix:
    rows: 3
    cols: 3
    data: [1.000000, 0.000000, 0.000000, 0.000000, 1.000000, 0.000000, 0.000000, 0.000000, 1.000000]
  projection_matrix:
    rows: 3
    cols: 4
    data: [1236.440063, 0.000000, 296.284907, 0.000000, 0.000000, 1245.834473, 280.848146, 0.000000, 0.000000, 0.000000, 1.000000, 0.000000]
